0.7008 0.2575 0.9081 0.4395 0.8556 0.1715 0.7544 0.9572 0.7419 0.9507
0.03116 0.2563 0.6968 0.2994 0.5731 0.9843 0.8011 0.7033 0.8115 0.1074
0.6762 0.5776 0.7064 0.4304 0.4643 0.3745 0.7646 0.3494 0.07499 0.4196
0.3045 0.5183 0.3472 0.3068 0.08864 0.4511 0.008887 0.9149 0.2254 0.1532
0.1937 0.4105 0.3435 0.06221 0.1651 0.9257 0.3842 0.1044 0.4232 0.4736
0.5991 0.2396 0.2364 0.5714 0.3108 0.2286  0.153  0.871 0.1837 0.9259
0.7445 0.3557 0.8175  0.698 0.1985 0.02767 0.7005 0.5277 0.8476 0.9234
0.8749 0.4697 0.7152  0.132 0.6414 0.3833  0.687 0.3459 0.4463  0.467
0.9014 0.2214 0.0571  0.815 0.3022 0.6039 0.2409 0.2182 0.1853 0.6248
0.4295 0.8315 0.6593 0.6223 0.9004 0.5682 0.1256  0.308 0.4364 0.07477
