 0.681 0.2939 0.2615 0.9557 0.4226  0.925 0.2328 0.0009754 0.7176 0.2066
0.8006 0.5122 0.9648 0.9959 0.4176 0.6134 0.8674 0.9134 0.4081 0.3814
0.9511 0.7543  0.666 0.3897 0.6233 0.3134 0.6807 0.8346  0.658 0.1744
0.1666 0.7058 0.9988  0.711 0.3996 0.8389 0.03435 0.4664 0.7446  0.049
0.1276 0.9528  0.238 0.2838 0.9008 0.8761 0.4085 0.6661 0.7254 0.2063
0.01614 0.1516 0.4474 0.4038 0.6069 0.2321 0.3382 0.8796 0.6342 0.0258
0.1868 0.5341   0.96 0.7606 0.5332 0.5021 0.2282 0.6781 0.04209 0.7161
0.7705 0.9766 0.7876 0.2606 0.7832 0.8242 0.07957 0.8195 0.9324 0.3128
0.02234 0.4941 0.3332 0.4029 0.6027 0.8025 0.1084 0.2714 0.8283 0.6958
0.2938 0.7124 0.3604 0.4329 0.7096 0.5278 0.8264 0.6443 0.8015 0.1957
