   2.907    4.556    3.824    3.438    4.294    4.514    2.542    4.029    4.563    2.146
   1.769    3.165    3.227    2.496    3.331    3.076    1.697    3.612    3.296    1.763
   2.269    2.916    3.098     2.97    2.809    3.009    2.028    3.053    2.837    1.401
   1.779    2.105      2.2     1.77    2.004    2.168    1.182    2.278      2.4   0.8455
   1.134    1.721    1.954    1.888    2.081    1.819    1.551    2.381    2.129    1.012
   1.939    2.894     2.52    2.308    2.679    3.011    1.621    2.555    3.192    1.045
   2.539     3.67    3.542     3.36      3.4    3.883     2.21    3.223    3.862    1.945
   2.304    3.058    2.863    3.008    3.112    3.318    2.113    3.024    3.192    1.636
    1.43    2.254    2.334    2.599    2.328    2.855    1.405    2.158    2.852   0.8905
   2.105    3.069    2.979    2.807    2.968    3.263    2.014    3.204    3.272    1.256
